Australia 1,365,377,000,000
Austria 422,608,000,000
Belgium 510,423,000,000
Brazil 2,032,810,000,000
Bulgaria 57,506,000,000
Canada 1,494,537,000,000
China 11,308,000,000,000
Colombia 277,700,000,000
Cyprus 21,942,080,611
Czech Republic 235,104,000,000
Denmark 339,696,000,000
Estonia 24,501,000,000
Finland 268,421,000,000
France 2,670,660,000,000
Germany 3,999,099,000,000
Greece 205,736,000,000
Hong Kong 342,770,000,000
Hungary 139,595,000,000
India 2,259,500,000,000
Ireland 348,699,000,000
Israel 316,312,000,000
Italy 2,005,293,000,000
Japan 3,815,416,900,000
Latvia 30,121,000,000
Lithuania 46,376,000,000
Luxembourg 67,095,000,000
Malaysia 338,945,310,720
Malta 12,093,000,000
Mexico 1,049,854,000,000
Netherlands 799,506,000,000
New Zealand 189,594,000,000
Norway 440,096,000,000
Pakistan 290,447,000,000
Poland 510,966,000,000
Portugal 221,869,000,000
Romania 210,645,000,000
Russia 1,007,000,000,000
Singapore 305,123,000,000
Slovakia 101,603,000,000
Slovenia 48,102,000,000
South Africa 374,946,000,000
South Korea 1,448,000,000,000
Spain 1,310,179,000,000
Sweden 527,576,000,000
Switzerland 668,293,000,000
Thailand 376,483,000,000
Turkey 855,332,000,000
United Kingdom 2,831,934,000,000
United States 19,754,300,000,000
